

Short message (2.5 sek), message len 42 without start/stop marker
00 01 02 03 04 05 06 07 08 09 10 11 12 13 14 15 16 17 18 19 20 21 22 23 24 25 26 27 28 29 30 31 32 33 34 35 36 37 38 39 40 41
A0 2A 41 08 83 13 04 13 E6 E7 00 0F 40 00 00 00 00 01 01 02 03 09 06 01 00 01 07 00 FF 06 00 00 0A C6 02 02 0F 00 16 1B AB 18




A0 2A 41 08 83 13 04 13 E6 E7 00 0F 40 00 00 00 00 01 01 02 03 09 06 01 00 01 07 00 FF 06 00 00 0A C6 02 02 0F 00 16 1B AB 18


new example
00 01 02 03 04 05 06 07 08 09 10 11 12 13 14 15 16 17 18
A0 2A 41 08 83 13 04 13 E6 E7 00 0F 40 00 00 00 00 01 01

19 20 21 22 23 24 25 26 27 28 29 30 31 32 33 34 35 36 37 38 39 40 41
00 01 02 03 04 05 06 07 08 09 10 11 12 13 14 15 16 17 18 19 20 21 22
02 03 09 06 01 00 01 07 00 FF 06 00 00 0A BC 02 02 0F 00 16 1B B0 E0



long message (10 sek), message len 267 without start/stop marker

A1 0B 41 08 83 13 FA 7C E6 E7 00 0F 40 00 00 00 00 01 0C 02 02 09 06 01 01 00 02 81 FF 0A 0B 41 49 44 4F 4E 5F 56 30 30 30 31
02 02 09 06 00 00 60 01 00 FF 0A 10 37 33 35 39 39 39 32 38 39 36 33 38 33 34 35 34 02 02 09 06 00 00 60 01 07 FF 0A 04 36 35
32 35 02 03 09 06 01 00 01 07 00 FF 06 00 00 05 DF 02 02 0F 00 16 1B 02 03 09 06 01 00 02 07 00 FF 06 00 00 00 00 02 02 0F 00
16 1B 02 03 09 06 01 00 03 07 00 FF 06 00 00 00 00 02 02 0F 00 16 1D 02 03 09 06 01 00 04 07 00 FF 06 00 00 02 AB 02 02 0F 00
16 1D 02 03 09 06 01 00 1F 07 00 FF 10 00 41 02 02 0F FF 16 21 02 03 09 06 01 00 47 07 00 FF 10 FF F7 02 02 0F FF 16 21 02 03
09 06 01 00 20 07 00 FF 12 09 58 02 02 0F FF 16 23 02 03 09 06 01 00 34 07 00 FF 12 09 55 02 02 0F FF 16 23 02 03 09 06 01 00
48 07 00 FF 12 09 44 02 02 0F FF 16 23 34 32



00 01 02 03 04 05 06 07 08 09 10 11 12 13 14 15 16 17 18
A1 0B 41 08 83 13 FA 7C E6 E7 00 0F 40 00 00 00 00 01 0C

02 02 09 06 01 01 00 02 81 FF 0A 0B 41 49 44 4F 4E 5F 56 30 30 30 31
02 02 09 06 00 00 60 01 00 FF 0A 10 37 33 35 39 39 39 32 38 39 36 33 38 33 34 35 34
02 02 09 06 00 00 60 01 07 FF 0A 04 36 35 32 35 
02 03 09 06 01 00 01 07 00 FF 06 00 00 05 DF 
02 02 0F 00 16 1B 02 03 09 06 01 00 02 07 00 FF 06 00 00 00 00 
02 02 0F 00 16 1B 02 03 09 06 01 00 03 07 00 FF 06 00 00 00 00
02 02 0F 00 16 1D 02 03 09 06 01 00 04 07 00 FF 06 00 00 02 AB
02 02 0F 00 16 1D 02 03 09 06 01 00 1F 07 00 FF 10 00 41
02 02 0F FF 16 21 02 03 09 06 01 00 47 07 00 FF 10 FF F7
02 02 0F FF 16 21 02 03 09 06 01 00 20 07 00 FF 12 09 58
02 02 0F FF 16 23 02 03 09 06 01 00 34 07 00 FF 12 09 55
02 02 0F FF 16 23 02 03 09 06 01 00 48 07 00 FF 12 09 44
02 02 0F FF 16 23 34 32